0 0
9809 8637
3232 7776
16123 10239
10336 6848
8125 5625
16704 11872
6087 11291
5728 1504
17481 13333
0 0
14099 11607
16192 9056
9333 14769
5376 9568
9375 1875
15744 6592
7297 19821
10688 18784
17771 4303
0 0
5389 5577
13152 2336
3543 12299
8416 16288
5625 13125
6784 17312
17507 5351
11648 4064
1061 14273
0 0
13679 547
14112 7616
8753 12829
19456 7008
6875 9375
9824 4032
6717 17881
8608 17344
17351 13243
0 0
8969 6517
19072 4896
14963 6359
18496 1728
3125 625
4864 6752
4927 7411
1568 18624
16641 11213
0 0
1259 13487
8032 14176
12173 2889
5536 448
4375 16875
11904 5472
2137 3941
10528 7904
8931 18183
0 0
549 11457
992 15456
10383 12419
576 3168
625 8125
10944 192
8347 17471
15488 5184
4221 4153
0 0
16839 10427
17952 8736
19593 4949
3616 9888
1875 4375
1984 10912
13557 18001
16448 10464
12511 19123
0 0
129 397
18912 14016
9803 10479
14656 608
18125 15625
5024 17632
7767 15531
13408 3744
3801 13093
0 0
419 11367
3872 11296
11013 19009
13696 15328
19375 11875
64 352
977 61
6368 5024
8091 16063
0 0
7709 13337
12832 576
13223 539
736 14048
15625 3125
7104 19072
3187 1591
15328 14304
15381 18033
0 0
11999 16307
5792 1856
6433 5069
15776 16768
16875 19375
6144 13792
4397 10121
288 11584
15671 9003
0 0
3289 10277
2752 15136
643 2599
18816 3488
13125 10625
17184 4512
14607 15651
1248 16864
18961 18973
0 0
11579 5247
3712 416
5853 3129
9856 14208
14375 6875
224 11232
3817 8181
18208 10144
15251 17943
0 0
6869 11217
8672 17696
12063 16659
8896 8928
10625 18125
15264 13952
2027 17711
11168 11424
14541 15913
0 0
19159 18187
17632 6976
9273 13189
15936 7648
11875 14375
2304 12672
19237 14241
128 704
6831 2883
0 0
18449 16157
10592 8256
7483 2719
10976 10368
8125 5625
1344 7392
5447 7771
5088 17984
2121 8853
0 0
14739 15127
7552 1536
16693 15249
14016 17088
9375 1875
12384 18112
10657 8301
6048 3264
10411 3823
0 0
18029 5097
8512 6816
6903 779
5056 7808
5625 13125
15424 4832
4867 5831
3008 16544
1701 17793
0 0
18319 16067
13472 4096
8113 9309
4096 2528
6875 9375
10464 7552
18077 10361
15968 17824
5991 763
0 0
5609 18037
2432 13376
10323 10839
11136 1248
3125 625
17504 6272
287 11891
4928 7104
13281 2733
0 0
9899 1007
15392 14656
3533 15369
6176 3968
4375 16875
16544 992
1497 421
9888 4384
13571 13703
0 0
1189 14977
12352 7936
17743 12899
9216 10688
625 8125
7584 11712
11707 5951
10848 9664
16861 3673
0 0
9479 9947
13312 13216
2953 13429
256 1408
1875 4375
10624 18432
917 18481
7808 2944
13151 2643
0 0
4769 15917
18272 10496
9163 6959
19296 16128
18125 15625
5664 1152
19127 8011
768 4224
12441 613
0 0
17059 2887
7232 19776
6373 3489
6336 14848
19375 11875
12704 19872
16337 4541
9728 13504
4731 7583
0 0
16349 857
192 1056
4583 13019
1376 17568
15625 3125
11744 14592
2547 18071
14688 10784
21 13553
0 0
12639 19827
17152 14336
13793 5549
4416 4288
16875 19375
2784 5312
7757 18601
15648 16064
8311 8523
0 0
15929 9797
18112 19616
4003 11079
15456 15008
13125 10625
5824 12032
1967 16131
12608 9344
19601 2493
0 0
16219 767
3072 16896
5213 19609
14496 9728
14375 6875
864 14752
15177 661
5568 10624
3891 5463
0 0
3509 2737
12032 6176
7423 1139
1536 8448
10625 18125
7904 13472
17387 2191
14528 19904
11181 7433
0 0
7799 5707
4992 7456
633 5669
16576 11168
11875 14375
6944 8192
18597 10721
19488 17184
11471 18403
0 0
19089 19677
1952 736
14843 3199
19616 17888
8125 5625
17984 18912
8807 16251
448 2464
14761 8373
0 0
7379 14647
2912 6016
53 3729
10656 8608
9375 1875
1024 5632
18017 8781
17408 15744
11051 7343
0 0
2669 617
7872 3296
6263 17259
9696 3328
5625 13125
16064 8352
16227 18311
10368 17024
10341 5313
0 0
14959 7587
16832 12576
3473 13789
16736 2048
6875 9375
3104 7072
13437 14841
19328 6304
2631 12283
0 0
14249 5557
9792 13856
1683 3319
11776 4768
3125 625
2144 1792
19647 8371
4288 3584
17921 18253
0 0
10539 4527
6752 7136
10893 15849
14816 11488
4375 16875
13184 12512
4857 8901
5248 8864
6211 13223
0 0
13829 14497
7712 12416
1103 1379
5856 2208
625 8125
16224 19232
19067 6431
2208 2144
17501 7193
0 0
14119 5467
12672 9696
2313 9909
4896 16928
1875 4375
11264 1952
12277 10961
15168 3424
1791 10163
0 0
1409 7437
1632 18976
4523 11439
11936 15648
18125 15625
18304 672
14487 12491
4128 12704
9081 12133
0 0
5699 10407
14592 256
17733 15969
6976 18368
19375 11875
17344 15392
15697 1021
9088 9984
9371 3103
0 0
16989 4377
11552 13536
11943 13499
10016 5088
15625 3125
8384 6112
5907 6551
10048 15264
12661 13073
0 0
5279 19347
12512 18816
17153 14029
1056 15808
16875 19375
11424 12832
15117 19081
7008 8544
8951 12043
0 0
569 5317
17472 16096
3363 7559
96 10528
13125 10625
6464 15552
13327 8611
19968 9824
8241 10013
0 0
12859 12287
6432 5376
573 4089
7136 9248
14375 6875
13504 14272
10537 5141
8928 19104
531 16983
0 0
12149 10257
19392 6656
18783 13619
2176 11968
10625 18125
12544 8992
16747 18671
13888 16384
15821 2953
0 0
8439 9227
16352 19936
7993 6149
5216 18688
11875 14375
3584 19712
1957 19201
14848 1664
4111 17923
0 0
11729 19197
17312 5216
18203 11679
16256 9408
8125 5625
6624 6432
16167 16731
11808 14944
15401 11893
0 0
12019 10167
2272 2496
19413 209
15296 4128
9375 1875
1664 9152
9377 1261
4768 16224
19691 14863
0 0
19309 12137
11232 11776
1623 1739
2336 2848
5625 13125
8704 7872
11587 2791
13728 5504
6981 16833
0 0
3599 15107
4192 13056
14833 6269
17376 5568
6875 9375
7744 2592
12797 11321
18688 2784
7271 7803
0 0
14889 9077
1152 6336
9043 3799
416 12288
3125 625
18784 13312
3007 16851
19648 8064
10561 17773
0 0
3179 4047
2112 11616
14253 4329
11456 3008
4375 16875
1824 32
12217 9381
16608 1344
6851 16743
0 0
18469 10017
7072 8896
463 17859
10496 17728
625 8125
16864 2752
10427 18911
9568 2624
6141 14713
0 0
10759 16987
16032 18176
17673 14389
17536 16448
1875 4375
3904 1472
7637 15441
18528 11904
18431 1683
0 0
10049 14957
8992 19456
15883 3919
12576 19168
18125 15625
2944 16192
13847 8971
3488 9184
13721 7653
0 0
6339 13927
5952 12736
5093 16449
15616 5888
19375 11875
13984 6912
19057 9501
4448 14464
2011 2623
0 0
9629 3897
6912 18016
15303 1979
6656 16608
15625 3125
17024 13632
13267 7031
1408 7744
13301 16593
0 0
9919 14867
11872 15296
16513 10509
5696 11328
16875 19375
12064 16352
6477 11561
14368 9024
17591 19563
0 0
17209 16837
832 4576
18723 12039
12736 10048
13125 10625
19104 15072
8687 13091
3328 18304
4881 1533
0 0
1499 19807
13792 5856
11933 16569
7776 12768
14375 6875
18144 9792
9897 1621
8288 15584
5171 12503
0 0
12789 13777
10752 19136
6143 14099
10816 19488
10625 18125
9184 512
107 7151
9248 864
8461 2473
0 0
1079 8747
11712 4416
11353 14629
1856 10208
11875 14375
12224 7232
9317 19681
6208 14144
4751 1443
0 0
16369 14717
16672 1696
17563 8159
896 4928
8125 5625
7264 9952
7527 9211
19168 15424
4041 19413
0 0
8659 1687
5632 10976
14773 4689
7936 3648
9375 1875
14304 8672
4737 5741
8128 4704
16331 6383
0 0
7949 19657
18592 12256
12983 14219
2976 6368
5625 13125
13344 3392
10947 19271
13088 1984
11621 12353
0 0
4239 18627
15552 5536
2193 6749
6016 13088
6875 9375
4384 14112
16157 19801
14048 7264
19911 7323
0 0
7529 8597
16512 10816
12403 12279
17056 3808
3125 625
7424 832
10367 17331
11008 544
11201 1293
0 0
7819 19567
1472 8096
13613 809
16096 18528
4375 16875
2464 3552
3577 1861
3968 1824
15491 4263
0 0
15109 1537
10432 17376
15823 2339
3136 17248
625 8125
9504 2272
5787 3391
12928 11104
2781 6233
0 0
19399 4507
3392 18656
9033 6869
18176 19968
1875 4375
8544 16992
6997 11921
17888 8384
3071 17203
0 0
10689 18477
352 11936
3243 4399
1216 6688
18125 15625
19584 7712
17207 17451
18848 13664
6361 7173
0 0
18979 13447
1312 17216
8453 4929
12256 17408
19375 11875
2624 14432
6417 9981
15808 6944
2651 6143
0 0
14269 19417
6272 14496
14663 18459
11296 12128
15625 3125
17664 17152
4627 19511
8768 8224
1941 4113
0 0
6559 6387
15232 3776
11873 14989
18336 10848
16875 19375
4704 15872
1837 16041
17728 17504
14231 11083
0 0
5849 4357
8192 5056
10083 4519
13376 13568
13125 10625
3744 10592
8047 9571
2688 14784
9521 17053
0 0
2139 3327
5152 18336
19293 17049
16416 288
14375 6875
14784 1312
13257 10101
3648 64
17811 12023
0 0
5429 13297
6112 3616
9503 2579
7456 11008
10625 18125
17824 8032
7467 7631
608 13344
9101 5993
0 0
5719 4267
11072 896
10713 11109
6496 5728
11875 14375
12864 10752
677 12161
13568 14624
13391 8963
0 0
13009 6237
32 10176
12923 12639
13536 4448
8125 5625
19904 9472
2887 13691
2528 3904
681 10933
0 0
17299 9207
12992 11456
6133 17169
8576 7168
9375 1875
18944 4192
4097 2221
7488 1184
971 1903
0 0
8589 3177
9952 4736
343 14699
11616 13888
5625 13125
9984 14912
14307 7751
8448 6464
4261 11873
0 0
16879 18147
10912 10016
5553 15229
2656 4608
6875 9375
13024 1632
3517 281
5408 19744
551 10843
0 0
12169 4117
15872 7296
11763 8759
1696 19328
3125 625
8064 4352
1727 9811
18368 1024
19841 8813
0 0
4459 11087
4832 16576
8973 5289
8736 18048
4375 16875
15104 3072
18937 6341
7328 10304
12131 15783
0 0
3749 9057
17792 17856
7183 14819
3776 768
625 8125
14144 17792
5147 19871
12288 7584
7421 1753
0 0
39 8027
14752 11136
16393 7349
6816 7488
1875 4375
5184 8512
10357 401
13248 12864
15711 16723
0 0
3329 17997
15712 16416
6603 12879
17856 18208
18125 15625
8224 15232
4567 17931
10208 6144
7001 10693
0 0
3619 8967
672 13696
7813 1409
16896 12928
19375 11875
3264 17952
17777 2461
3168 7424
11291 13663
0 0
10909 10937
9632 2976
10023 2939
3936 11648
15625 3125
10304 16672
19987 3991
12128 16704
18581 15633
0 0
15199 13907
2592 4256
3233 7469
18976 14368
16875 19375
9344 11392
1197 12521
17088 13984
18871 6603
0 0
6489 7877
19552 17536
17443 4999
2016 1088
13125 10625
384 2112
11407 18051
18048 19264
2161 16573
0 0
14779 2847
512 2816
2653 5529
13056 11808
14375 6875
3424 8832
617 10581
15008 12544
18451 15543
0 0
10069 8817
5472 96
8863 19059
12096 6528
10625 18125
18464 11552
18827 111
7968 13824
17741 13513
0 0
2359 15787
14432 9376
6073 15589
19136 5248
11875 14375
5504 10272
16037 16641
16928 3104
10031 483
0 0
1649 13757
7392 10656
4283 5119
14176 7968
8125 5625
4544 4992
2247 10171
1888 384
5321 6453
0 0
17939 12727
4352 3936
13493 17649
17216 14688
9375 1875
15584 15712
7457 10701
2848 5664
13611 1423
0 0
1229 2697
5312 9216
3703 3179
8256 5408
5625 13125
18624 2432
1667 8231
19808 18944
4901 15393
0 0
1519 13667
10272 6496
4913 11709
7296 128
6875 9375
13664 5152
14877 12761
12768 224
9191 18363
