0 0 5120 5120
10 10 5110 5110
20 20 5100 5100
30 30 5090 5090
40 40 5080 5080
50 50 5070 5070
60 60 5060 5060
70 70 5050 5050
80 80 5040 5040
90 90 5030 5030
100 100 5020 5020
110 110 5010 5010
120 120 5000 5000
130 130 4990 4990
140 140 4980 4980
150 150 4970 4970
160 160 4960 4960
170 170 4950 4950
180 180 4940 4940
190 190 4930 4930
200 200 4920 4920
210 210 4910 4910
220 220 4900 4900
230 230 4890 4890
240 240 4880 4880
250 250 4870 4870
260 260 4860 4860
270 270 4850 4850
280 280 4840 4840
290 290 4830 4830
300 300 4820 4820
310 310 4810 4810
320 320 4800 4800
330 330 4790 4790
340 340 4780 4780
350 350 4770 4770
360 360 4760 4760
370 370 4750 4750
380 380 4740 4740
390 390 4730 4730
400 400 4720 4720
410 410 4710 4710
420 420 4700 4700
430 430 4690 4690
440 440 4680 4680
450 450 4670 4670
460 460 4660 4660
470 470 4650 4650
480 480 4640 4640
490 490 4630 4630
500 500 4620 4620
510 510 4610 4610
520 520 4600 4600
530 530 4590 4590
540 540 4580 4580
550 550 4570 4570
560 560 4560 4560
570 570 4550 4550
580 580 4540 4540
590 590 4530 4530
600 600 4520 4520
610 610 4510 4510
620 620 4500 4500
630 630 4490 4490
640 640 4480 4480
650 650 4470 4470
660 660 4460 4460
670 670 4450 4450
680 680 4440 4440
690 690 4430 4430
700 700 4420 4420
710 710 4410 4410
720 720 4400 4400
730 730 4390 4390
740 740 4380 4380
750 750 4370 4370
760 760 4360 4360
770 770 4350 4350
780 780 4340 4340
790 790 4330 4330
800 800 4320 4320
810 810 4310 4310
820 820 4300 4300
830 830 4290 4290
840 840 4280 4280
850 850 4270 4270
860 860 4260 4260
870 870 4250 4250
880 880 4240 4240
890 890 4230 4230
900 900 4220 4220
910 910 4210 4210
920 920 4200 4200
930 930 4190 4190
940 940 4180 4180
950 950 4170 4170
960 960 4160 4160
970 970 4150 4150
980 980 4140 4140
990 990 4130 4130
1000 1000 4120 4120
1010 1010 4110 4110
1020 1020 4100 4100
1030 1030 4090 4090
1040 1040 4080 4080
1050 1050 4070 4070
1060 1060 4060 4060
1070 1070 4050 4050
1080 1080 4040 4040
1090 1090 4030 4030
1100 1100 4020 4020
1110 1110 4010 4010
1120 1120 4000 4000
1130 1130 3990 3990
1140 1140 3980 3980
1150 1150 3970 3970
1160 1160 3960 3960
1170 1170 3950 3950
1180 1180 3940 3940
1190 1190 3930 3930
1200 1200 3920 3920
1210 1210 3910 3910
1220 1220 3900 3900
1230 1230 3890 3890
1240 1240 3880 3880
1250 1250 3870 3870
1260 1260 3860 3860
1270 1270 3850 3850
1280 1280 3840 3840
1290 1290 3830 3830
1300 1300 3820 3820
1310 1310 3810 3810
1320 1320 3800 3800
1330 1330 3790 3790
1340 1340 3780 3780
1350 1350 3770 3770
1360 1360 3760 3760
1370 1370 3750 3750
1380 1380 3740 3740
1390 1390 3730 3730
1400 1400 3720 3720
1410 1410 3710 3710
1420 1420 3700 3700
1430 1430 3690 3690
1440 1440 3680 3680
1450 1450 3670 3670
1460 1460 3660 3660
1470 1470 3650 3650
1480 1480 3640 3640
1490 1490 3630 3630
1500 1500 3620 3620
1510 1510 3610 3610
1520 1520 3600 3600
1530 1530 3590 3590
1540 1540 3580 3580
1550 1550 3570 3570
1560 1560 3560 3560
1570 1570 3550 3550
1580 1580 3540 3540
1590 1590 3530 3530
1600 1600 3520 3520
1610 1610 3510 3510
1620 1620 3500 3500
1630 1630 3490 3490
1640 1640 3480 3480
1650 1650 3470 3470
1660 1660 3460 3460
1670 1670 3450 3450
1680 1680 3440 3440
1690 1690 3430 3430
1700 1700 3420 3420
1710 1710 3410 3410
1720 1720 3400 3400
1730 1730 3390 3390
1740 1740 3380 3380
1750 1750 3370 3370
1760 1760 3360 3360
1770 1770 3350 3350
1780 1780 3340 3340
1790 1790 3330 3330
1800 1800 3320 3320
1810 1810 3310 3310
1820 1820 3300 3300
1830 1830 3290 3290
1840 1840 3280 3280
1850 1850 3270 3270
1860 1860 3260 3260
1870 1870 3250 3250
1880 1880 3240 3240
1890 1890 3230 3230
1900 1900 3220 3220
1910 1910 3210 3210
1920 1920 3200 3200
1930 1930 3190 3190
1940 1940 3180 3180
1950 1950 3170 3170
1960 1960 3160 3160
1970 1970 3150 3150
1980 1980 3140 3140
1990 1990 3130 3130
2000 2000 3120 3120
2010 2010 3110 3110
2020 2020 3100 3100
2030 2030 3090 3090
2040 2040 3080 3080
2050 2050 3070 3070
2060 2060 3060 3060
2070 2070 3050 3050
2080 2080 3040 3040
2090 2090 3030 3030
2100 2100 3020 3020
2110 2110 3010 3010
2120 2120 3000 3000
2130 2130 2990 2990
2140 2140 2980 2980
2150 2150 2970 2970
2160 2160 2960 2960
2170 2170 2950 2950
2180 2180 2940 2940
2190 2190 2930 2930
2200 2200 2920 2920
2210 2210 2910 2910
2220 2220 2900 2900
2230 2230 2890 2890
2240 2240 2880 2880
2250 2250 2870 2870
2260 2260 2860 2860
2270 2270 2850 2850
2280 2280 2840 2840
2290 2290 2830 2830
2300 2300 2820 2820
2310 2310 2810 2810
2320 2320 2800 2800
2330 2330 2790 2790
2340 2340 2780 2780
2350 2350 2770 2770
2360 2360 2760 2760
2370 2370 2750 2750
2380 2380 2740 2740
2390 2390 2730 2730
2400 2400 2720 2720
2410 2410 2710 2710
2420 2420 2700 2700
2430 2430 2690 2690
2440 2440 2680 2680
2450 2450 2670 2670
2460 2460 2660 2660
2470 2470 2650 2650
2480 2480 2640 2640
2490 2490 2630 2630
2500 2500 2620 2620
2510 2510 2610 2610
2520 2520 2600 2600
2530 2530 2590 2590
2540 2540 2580 2580
2550 2550 2570 2570
